{
 "cells": [
  {
   "cell_type": "code",
   "execution_count": 1,
   "metadata": {},
   "outputs": [],
   "source": [
    "#pip install --upgrade numpy"
   ]
  },
  {
   "cell_type": "code",
   "execution_count": 10,
   "metadata": {
    "id": "v8qq9gEeMfDa"
   },
   "outputs": [],
   "source": [
    "import pandas as pd\n",
    "import numpy as np\n",
    "import matplotlib.pyplot as plt\n",
    "#import matplotlib.gridspec as gridspec\n",
    "#import networkx as nx\n",
    "#import IPython.display as Video"
   ]
  },
  {
   "cell_type": "code",
   "execution_count": 11,
   "metadata": {
    "id": "xGIateAcMxsY"
   },
   "outputs": [],
   "source": [
    "import ripser\n",
    "import persim"
   ]
  },
  {
   "cell_type": "code",
   "execution_count": 12,
   "metadata": {
    "id": "BnwHt9RJM6VP"
   },
   "outputs": [],
   "source": [
    "%matplotlib inline"
   ]
  },
  {
   "cell_type": "code",
   "execution_count": 13,
   "metadata": {},
   "outputs": [],
   "source": [
    "asignaturas2 = {'ALGEBRA LINEAL' : 1,\n",
    "'BIOMATEMATICAS I' : 1,\n",
    "'BIOMATEMATICAS II' : 1,\n",
    "'CALCULO DIFERENCIAL' : 2,\n",
    "'CALCULO DIFERENCIAL E INTEGRAL' : 2,\n",
    "'CALCULO INTEGRAL' : 2,\n",
    "'CALCULO VECTORIAL' : 2,\n",
    "'DIFERENTIAL CALCULUS' : 2,\n",
    "'ECUACIONES DIFERENCIALES' : 2,\n",
    "'ESTADÍSTICA' : 3,\n",
    "'ESTADÍSTICA DESCRIPTIVA' : 3,\n",
    "'ESTADÍSTICA I' : 3,\n",
    "'ESTADÍSTICA II' : 3,\n",
    "'ESTADÍSTICA III' : 3,\n",
    "'ESTADÍSTICA INFERENCIAL' : 3,\n",
    "'INVESTIGACION DE OPERACIONES' : 4,\n",
    "'LÓGICA Y RAZONAMIENTO MATEMÁTICO' : 1,\n",
    "'MATEMATICAS AVANZADAS' : 4,\n",
    "'MATEMATICAS BASICAS' : 5,\n",
    "'MATEMATICAS ESPECIALES' : 4,\n",
    "'MATEMÁTICAS I' : 1,\n",
    "'MATEMÁTICAS II' : 1,\n",
    "'MATEMÁTICAS III' : 2,\n",
    "'METODOS MATEMATICOS' : 4,\n",
    "'MÉTODOS NUMÉRICOS' : 4,\n",
    "'MODELOS MATEMATICOS DE ADMON.' : 1,\n",
    "'PROBABILIDAD Y ESTADISTICA' : 3,\n",
    "'SISTEMAS LINEALES': 1}"
   ]
  },
  {
   "cell_type": "code",
   "execution_count": 14,
   "metadata": {
    "id": "LWsmHs_dNmmI"
   },
   "outputs": [],
   "source": [
    "from persim import plot_diagrams"
   ]
  },
  {
   "cell_type": "code",
   "execution_count": 15,
   "metadata": {
    "id": "Axi8AGAQkBUk"
   },
   "outputs": [],
   "source": [
    "#import teaspoon.MakeData.PointCloud as makePtCloud\n",
    "#import teaspoon.TDA.Draw as Draw"
   ]
  },
  {
   "cell_type": "code",
   "execution_count": 16,
   "metadata": {
    "id": "0QexpUBiM-tn"
   },
   "outputs": [],
   "source": [
    "df1 = pd.read_excel('19_1_1.xlsx', sheet_name='Hoja_1')\n",
    "df2 = pd.read_excel('19_1_2.xlsx', sheet_name='Hoja_1')\n",
    "df3 = pd.read_excel('19_1_3.xlsx', sheet_name='Hoja_1')\n",
    "df4 = pd.read_excel('19_2_1.xlsx', sheet_name='Hoja_1')\n",
    "df5 = pd.read_excel('19_2_2.xlsx', sheet_name='Hoja_1')\n",
    "df6 = pd.read_excel('19_2_3.xlsx', sheet_name='Hoja_1')\n",
    "df7 = pd.read_excel('20_1_1.xlsx', sheet_name='Hoja_1')\n",
    "df8 = pd.read_excel('20_1_2.xlsx', sheet_name='Hoja_1')\n",
    "df9 = pd.read_excel('20_1_3.xlsx', sheet_name='Hoja_1')\n",
    "df10 = pd.read_excel('20_2_1.xlsx', sheet_name='Hoja_1')\n",
    "df11 = pd.read_excel('20_2_2.xlsx', sheet_name='Hoja_1')\n",
    "df12 = pd.read_excel('20_2_3.xlsx', sheet_name='Hoja_1')\n",
    "df13 = pd.read_excel('21_1_1.xlsx', sheet_name='Hoja_1')\n",
    "df14 = pd.read_excel('21_1_2.xlsx', sheet_name='Hoja_1')\n",
    "df15 = pd.read_excel('21_1_3.xlsx', sheet_name='Hoja_1')\n",
    "df16 = pd.read_excel('21_2_1.xlsx', sheet_name='Hoja_1')\n",
    "df17 = pd.read_excel('21_2_2.xlsx', sheet_name='Hoja_1')\n",
    "df18 = pd.read_excel('21_2_3.xlsx', sheet_name='Hoja_1')\n",
    "df19 = pd.read_excel('22_1_1.xlsx', sheet_name='Hoja_1')\n",
    "df20 = pd.read_excel('22_1_2.xlsx', sheet_name='Hoja_1')\n",
    "df21 = pd.read_excel('22_1_3.xlsx', sheet_name='Hoja_1')\n",
    "df22 = pd.read_excel('22_2_1.xlsx', sheet_name='Hoja_1')\n",
    "df23 = pd.read_excel('22_2_2.xlsx', sheet_name='Hoja_1')\n",
    "df24 = pd.read_excel('22_2_3.xlsx', sheet_name='Hoja_1')"
   ]
  },
  {
   "cell_type": "code",
   "execution_count": 17,
   "metadata": {},
   "outputs": [],
   "source": [
    "#df0['NOMBRE_ASIGNATURA'] = df0['NOMBRE_ASIGNATURA'].map(asignaturas2)\n",
    "df1['NOMBRE_ASIGNATURA'] = df1['NOMBRE_ASIGNATURA'].map(asignaturas2)\n",
    "df2['NOMBRE_ASIGNATURA'] = df2['NOMBRE_ASIGNATURA'].map(asignaturas2)\n",
    "df3['NOMBRE_ASIGNATURA'] = df3['NOMBRE_ASIGNATURA'].map(asignaturas2)\n",
    "df4['NOMBRE_ASIGNATURA'] = df4['NOMBRE_ASIGNATURA'].map(asignaturas2)\n",
    "df5['NOMBRE_ASIGNATURA'] = df5['NOMBRE_ASIGNATURA'].map(asignaturas2)\n",
    "df6['NOMBRE_ASIGNATURA'] = df6['NOMBRE_ASIGNATURA'].map(asignaturas2)\n",
    "df7['NOMBRE_ASIGNATURA'] = df7['NOMBRE_ASIGNATURA'].map(asignaturas2)\n",
    "df8['NOMBRE_ASIGNATURA'] = df8['NOMBRE_ASIGNATURA'].map(asignaturas2)\n",
    "df9['NOMBRE_ASIGNATURA'] = df9['NOMBRE_ASIGNATURA'].map(asignaturas2)\n",
    "df10['NOMBRE_ASIGNATURA'] = df10['NOMBRE_ASIGNATURA'].map(asignaturas2)\n",
    "df11['NOMBRE_ASIGNATURA'] = df11['NOMBRE_ASIGNATURA'].map(asignaturas2)\n",
    "df12['NOMBRE_ASIGNATURA'] = df12['NOMBRE_ASIGNATURA'].map(asignaturas2)\n",
    "df13['NOMBRE_ASIGNATURA'] = df13['NOMBRE_ASIGNATURA'].map(asignaturas2)\n",
    "df14['NOMBRE_ASIGNATURA'] = df14['NOMBRE_ASIGNATURA'].map(asignaturas2)\n",
    "df15['NOMBRE_ASIGNATURA'] = df15['NOMBRE_ASIGNATURA'].map(asignaturas2)\n",
    "df16['NOMBRE_ASIGNATURA'] = df16['NOMBRE_ASIGNATURA'].map(asignaturas2)\n",
    "df17['NOMBRE_ASIGNATURA'] = df17['NOMBRE_ASIGNATURA'].map(asignaturas2)\n",
    "df18['NOMBRE_ASIGNATURA'] = df18['NOMBRE_ASIGNATURA'].map(asignaturas2)\n",
    "df19['NOMBRE_ASIGNATURA'] = df19['NOMBRE_ASIGNATURA'].map(asignaturas2)\n",
    "df20['NOMBRE_ASIGNATURA'] = df20['NOMBRE_ASIGNATURA'].map(asignaturas2)\n",
    "df21['NOMBRE_ASIGNATURA'] = df21['NOMBRE_ASIGNATURA'].map(asignaturas2)\n",
    "df22['NOMBRE_ASIGNATURA'] = df22['NOMBRE_ASIGNATURA'].map(asignaturas2)\n",
    "df23['NOMBRE_ASIGNATURA'] = df23['NOMBRE_ASIGNATURA'].map(asignaturas2)\n",
    "df24['NOMBRE_ASIGNATURA'] = df24['NOMBRE_ASIGNATURA'].map(asignaturas2)"
   ]
  },
  {
   "cell_type": "code",
   "execution_count": 18,
   "metadata": {},
   "outputs": [],
   "source": [
    "data1 = df1[(df1['CONTRATO'] == 2) & (df1['ESTAAPROCALI'] == 0)]\n",
    "data2 = df2[(df2['CONTRATO'] == 2) & (df2['ESTAAPROCALI'] == 0)]\n",
    "data3 = df3[(df3['CONTRATO'] == 2) & (df3['ESTAAPROCALI'] == 0)]\n",
    "data4 = df4[(df4['CONTRATO'] == 2) & (df4['ESTAAPROCALI'] == 0)]\n",
    "data5 = df5[(df5['CONTRATO'] == 2) & (df5['ESTAAPROCALI'] == 0)]\n",
    "data6 = df6[(df6['CONTRATO'] == 2) & (df6['ESTAAPROCALI'] == 0)]\n",
    "data7 = df7[(df7['CONTRATO'] == 2) & (df7['ESTAAPROCALI'] == 0)]\n",
    "data8 = df8[(df8['CONTRATO'] == 2) & (df8['ESTAAPROCALI'] == 0)]\n",
    "data9 = df9[(df9['CONTRATO'] == 2) & (df9['ESTAAPROCALI'] == 0)]\n",
    "data10 = df10[(df10['CONTRATO'] == 2) & (df10['ESTAAPROCALI'] == 0)]\n",
    "data11 = df11[(df11['CONTRATO'] == 2) & (df11['ESTAAPROCALI'] == 0)]\n",
    "data12 = df12[(df12['CONTRATO'] == 2) & (df12['ESTAAPROCALI'] == 0)]\n",
    "data13 = df13[(df13['CONTRATO'] == 2) & (df13['ESTAAPROCALI'] == 0)]\n",
    "data14 = df14[(df14['CONTRATO'] == 2) & (df14['ESTAAPROCALI'] == 0)]\n",
    "data15 = df15[(df15['CONTRATO'] == 2) & (df15['ESTAAPROCALI'] == 0)]\n",
    "data16 = df16[(df16['CONTRATO'] == 2) & (df16['ESTAAPROCALI'] == 0)]\n",
    "data17 = df17[(df17['CONTRATO'] == 2) & (df17['ESTAAPROCALI'] == 0)]\n",
    "data18 = df18[(df18['CONTRATO'] == 2) & (df18['ESTAAPROCALI'] == 0)]\n",
    "data19 = df19[(df19['CONTRATO'] == 2) & (df19['ESTAAPROCALI'] == 0)]\n",
    "data20 = df20[(df20['CONTRATO'] == 2) & (df20['ESTAAPROCALI'] == 0)]\n",
    "data21 = df21[(df21['CONTRATO'] == 2) & (df21['ESTAAPROCALI'] == 0)]\n",
    "data22 = df22[(df22['CONTRATO'] == 2) & (df22['ESTAAPROCALI'] == 0)]\n",
    "data23 = df23[(df23['CONTRATO'] == 2) & (df23['ESTAAPROCALI'] == 0)]\n",
    "data24 = df24[(df24['CONTRATO'] == 2) & (df24['ESTAAPROCALI'] == 0)]"
   ]
  },
  {
   "cell_type": "code",
   "execution_count": 19,
   "metadata": {},
   "outputs": [],
   "source": [
    "features = [c for c in df1.columns if c not in ['Unnamed: 0','NOMBRE_PROFESOR','NOMBRE_ASIGNATURA']]"
   ]
  },
  {
   "cell_type": "code",
   "execution_count": 20,
   "metadata": {},
   "outputs": [],
   "source": [
    "X1 = np.array(data1[features].fillna(0))\n",
    "X2 = np.array(data2[features].fillna(0))\n",
    "X3 = np.array(data3[features].fillna(0))\n",
    "X4 = np.array(data4[features].fillna(0))\n",
    "X5 = np.array(data5[features].fillna(0))\n",
    "X6 = np.array(data6[features].fillna(0))\n",
    "X7 = np.array(data7[features].fillna(0))\n",
    "X8 = np.array(data8[features].fillna(0))\n",
    "X9 = np.array(data9[features].fillna(0))\n",
    "X10 = np.array(data10[features].fillna(0))\n",
    "X11 = np.array(data11[features].fillna(0))\n",
    "X12 = np.array(data12[features].fillna(0))\n",
    "X13 = np.array(data13[features].fillna(0))\n",
    "X14 = np.array(data14[features].fillna(0))\n",
    "X15 = np.array(data15[features].fillna(0))\n",
    "X16 = np.array(data16[features].fillna(0))\n",
    "X17 = np.array(data17[features].fillna(0))\n",
    "X18 = np.array(data18[features].fillna(0))\n",
    "X19 = np.array(data19[features].fillna(0))\n",
    "X20 = np.array(data20[features].fillna(0))\n",
    "X21 = np.array(data21[features].fillna(0))\n",
    "X22 = np.array(data22[features].fillna(0))\n",
    "X23 = np.array(data23[features].fillna(0))\n",
    "X24 = np.array(data24[features].fillna(0))"
   ]
  },
  {
   "cell_type": "code",
   "execution_count": 21,
   "metadata": {},
   "outputs": [],
   "source": [
    "#diagrams0 = ripser.ripser(X0)['dgms']\n",
    "#plot_diagrams(diagrams0, show=True)"
   ]
  },
  {
   "cell_type": "code",
   "execution_count": 22,
   "metadata": {},
   "outputs": [],
   "source": [
    "diagrams1 = ripser.ripser(X1)['dgms']\n",
    "diagrams2 = ripser.ripser(X2)['dgms']\n",
    "diagrams3 = ripser.ripser(X3)['dgms']\n",
    "diagrams4 = ripser.ripser(X4)['dgms']\n",
    "diagrams5 = ripser.ripser(X5)['dgms']\n",
    "diagrams6 = ripser.ripser(X6)['dgms']\n",
    "diagrams7 = ripser.ripser(X7)['dgms']\n",
    "diagrams8 = ripser.ripser(X8)['dgms']\n",
    "diagrams9 = ripser.ripser(X9)['dgms']\n",
    "diagrams10 = ripser.ripser(X10)['dgms']\n",
    "diagrams11 = ripser.ripser(X11)['dgms']\n",
    "diagrams12 = ripser.ripser(X12)['dgms']\n",
    "diagrams13 = ripser.ripser(X13)['dgms']\n",
    "diagrams14 = ripser.ripser(X14)['dgms']\n",
    "diagrams15 = ripser.ripser(X15)['dgms']\n",
    "diagrams16 = ripser.ripser(X16)['dgms']\n",
    "diagrams17 = ripser.ripser(X17)['dgms']\n",
    "diagrams18 = ripser.ripser(X18)['dgms']\n",
    "diagrams19 = ripser.ripser(X19)['dgms']\n",
    "diagrams20 = ripser.ripser(X20)['dgms']\n",
    "diagrams21 = ripser.ripser(X21)['dgms']\n",
    "diagrams22 = ripser.ripser(X22)['dgms']\n",
    "diagrams23 = ripser.ripser(X23)['dgms']\n",
    "diagrams24 = ripser.ripser(X24)['dgms']"
   ]
  },
  {
   "cell_type": "code",
   "execution_count": 23,
   "metadata": {
    "colab": {
     "base_uri": "https://localhost:8080/"
    },
    "id": "45MlFI0om549",
    "outputId": "0b97f39a-03af-4fb8-a786-9c3be0417bc0"
   },
   "outputs": [
    {
     "name": "stderr",
     "output_type": "stream",
     "text": [
      "/opt/anaconda3/lib/python3.8/site-packages/persim/bottleneck.py:56: UserWarning: dgm1 has points with non-finite death times;ignoring those points\n",
      "  warnings.warn(\n",
      "/opt/anaconda3/lib/python3.8/site-packages/persim/bottleneck.py:66: UserWarning: dgm2 has points with non-finite death times;ignoring those points\n",
      "  warnings.warn(\n"
     ]
    },
    {
     "name": "stdout",
     "output_type": "stream",
     "text": [
      "[0.0, 32.02714538574219, 32.00250244140625, 44.063812255859375, 46.713401794433594, 41.058815002441406, 30.950233459472656, 30.939102172851562, 80.38981628417969, 35.10626983642578, 40.019264221191406, 49.052940368652344, 49.052940368652344, 25.159942626953125, 31.887657165527344, 40.92890167236328, 40.51531982421875, 29.255943298339844, 34.05914306640625, 26.017200469970703, 20.087432861328125, 50.50495147705078, 30.045799255371094, 29.242523193359375]\n"
     ]
    }
   ],
   "source": [
    "list = [diagrams1[0],diagrams2[0],diagrams3[0],diagrams4[0],diagrams5[0],diagrams6[0],diagrams7[0],diagrams8[0],diagrams9[0],diagrams10[0],diagrams11[0],diagrams12[0],diagrams13[0],diagrams14[0],diagrams15[0],diagrams16[0],diagrams17[0],diagrams18[0],diagrams19[0],diagrams20[0],diagrams21[0],diagrams22[0],diagrams23[0],diagrams24[0]]\n",
    "distancias = []\n",
    "for _ in list:\n",
    "    dist, matching = persim.bottleneck(diagrams1[0], _, matching=True)\n",
    "    distancias.append(dist)\n",
    "print(distancias)"
   ]
  },
  {
   "cell_type": "code",
   "execution_count": 24,
   "metadata": {
    "colab": {
     "base_uri": "https://localhost:8080/"
    },
    "id": "qNFlPbUZnAK9",
    "outputId": "4f768917-347a-4b60-d21c-a7887d69e663"
   },
   "outputs": [
    {
     "name": "stdout",
     "output_type": "stream",
     "text": [
      "[[0.0, 32.02714538574219, 32.00250244140625, 44.063812255859375, 46.713401794433594, 41.058815002441406, 30.950233459472656, 30.939102172851562, 80.38981628417969, 35.10626983642578, 40.019264221191406, 49.052940368652344, 49.052940368652344, 25.159942626953125, 31.887657165527344, 40.92890167236328, 40.51531982421875, 29.255943298339844, 34.05914306640625, 26.017200469970703, 20.087432861328125, 50.50495147705078, 30.045799255371094, 29.242523193359375], [32.02714538574219, 0.0, 19.887657165527344, 63.0, 65.64958953857422, 61.136695861816406, 49.96106719970703, 45.011077880859375, 80.38981628417969, 54.042457580566406, 62.00669860839844, 67.98912811279297, 67.98912811279297, 52.00947570800781, 56.591651916503906, 69.97615814208984, 59.451507568359375, 48.19213104248047, 52.995330810546875, 42.026695251464844, 49.00481414794922, 39.9666748046875, 34.206520080566406, 48.1787109375], [32.00250244140625, 19.887657165527344, 0.0, 53.48919677734375, 61.94457244873047, 61.11205291748047, 49.936424255371094, 44.98643493652344, 80.39274597167969, 48.054931640625, 61.9820556640625, 58.47832489013672, 61.32867431640625, 51.984832763671875, 56.56700897216797, 69.9515151977539, 49.940704345703125, 42.002052307128906, 43.915252685546875, 42.002052307128906, 48.98017120361328, 33.96195983886719, 32.007049560546875, 41.922088623046875], [44.063812255859375, 63.0, 53.48919677734375, 0.0, 24.80345916748047, 17.431385040283203, 20.00604248046875, 75.00291442871094, 80.3780517578125, 15.629226684570312, 19.931392669677734, 20.061294555664062, 40.989471435546875, 45.00352478027344, 70.54104614257812, 30.031230926513672, 20.012855529785156, 14.807868957519531, 10.873184204101562, 33.40321350097656, 53.003326416015625, 73.00294494628906, 28.793479919433594, 14.8212890625], [46.713401794433594, 65.64958953857422, 61.94457244873047, 24.80345916748047, 0.0, 20.153907775878906, 20.243789672851562, 77.65250396728516, 70.367919921875, 16.33523941040039, 14.254859924316406, 13.125656127929688, 30.979339599609375, 47.653114318847656, 73.19063568115234, 23.366641998291016, 19.95751953125, 19.942520141601562, 20.16388702392578, 36.05280303955078, 55.652915954589844, 75.65253448486328, 31.443069458007812, 20.213809967041016], [41.058815002441406, 61.136695861816406, 61.11205291748047, 17.431385040283203, 20.153907775878906, 0.0, 19.05584716796875, 71.99791717529297, 79.4278564453125, 17.356426239013672, 9.205917358398438, 19.111099243164062, 40.039276123046875, 41.99852752685547, 67.53604888916016, 17.686363220214844, 19.932968139648438, 19.110000610351562, 17.196800231933594, 30.398216247558594, 49.998329162597656, 69.9979476928711, 29.105003356933594, 19.189964294433594], [30.950233459472656, 49.96106719970703, 49.936424255371094, 20.00604248046875, 20.243789672851562, 19.05584716796875, 0.0, 61.88933563232422, 60.37200927734375, 19.096477508544922, 12.045631408691406, 18.102706909179688, 20.983428955078125, 31.88994598388672, 57.427467346191406, 20.015090942382812, 20.022850036621094, 20.023681640625, 19.964874267578125, 20.289634704589844, 39.889747619628906, 59.889366149902344, 26.08544158935547, 20.017807006835938], [30.939102172851562, 45.011077880859375, 44.98643493652344, 75.00291442871094, 77.65250396728516, 71.99791717529297, 61.88933563232422, 0.0, 78.44010162353516, 66.04537200927734, 70.95836639404297, 79.9920425415039, 79.9920425415039, 29.9993896484375, 17.316795349121094, 71.86800384521484, 71.45442199707031, 60.195045471191406, 64.99824523925781, 41.599700927734375, 21.999588012695312, 43.99107360839844, 46.209434509277344, 60.18162536621094], [80.38981628417969, 80.38981628417969, 80.39274597167969, 80.3780517578125, 70.367919921875, 79.4278564453125, 60.37200927734375, 78.44010162353516, 0.0, 70.37347412109375, 70.37347412109375, 60.31675720214844, 39.388580322265625, 70.39569091796875, 73.97823333740234, 66.54792785644531, 70.38458251953125, 80.39569091796875, 80.33688354492188, 80.36334228515625, 71.68922424316406, 76.44013214111328, 80.38981628417969, 80.38981628417969], [35.10626983642578, 54.042457580566406, 48.054931640625, 15.629226684570312, 16.33523941040039, 17.356426239013672, 19.096477508544922, 66.04537200927734, 70.37347412109375, 0.0, 19.856433868408203, 19.715286254882812, 30.984893798828125, 36.045982360839844, 61.58350372314453, 29.95627212524414, 11.990631103515625, 10.350532531738281, 11.337928771972656, 24.44567108154297, 44.04578399658203, 64.04540252685547, 20.326576232910156, 10.016342163085938], [40.019264221191406, 62.00669860839844, 61.9820556640625, 19.931392669677734, 14.254859924316406, 9.205917358398438, 12.045631408691406, 70.95836639404297, 70.37347412109375, 19.856433868408203, 0.0, 10.056716918945312, 30.984893798828125, 40.95897674560547, 66.49649810791016, 17.39855194091797, 19.99500274658203, 19.980003356933594, 19.1746826171875, 29.358665466308594, 48.958778381347656, 68.9583969116211, 29.975006103515625, 20.059967041015625], [49.052940368652344, 67.98912811279297, 58.47832489013672, 20.061294555664062, 13.125656127929688, 19.111099243164062, 18.102706909179688, 79.9920425415039, 60.31675720214844, 19.715286254882812, 10.056716918945312, 0.0, 20.928176879882812, 49.992652893066406, 75.5301742553711, 17.95557403564453, 17.72185516357422, 20.078933715820312, 20.020126342773438, 38.39234161376953, 57.992454528808594, 77.99207305908203, 33.78260803222656, 20.07305908203125], [49.052940368652344, 67.98912811279297, 61.32867431640625, 40.989471435546875, 30.979339599609375, 40.039276123046875, 20.983428955078125, 79.9920425415039, 39.388580322265625, 30.984893798828125, 30.984893798828125, 20.928176879882812, 0.0, 49.992652893066406, 75.5301742553711, 27.159347534179688, 30.996002197265625, 41.007110595703125, 40.94830322265625, 40.974761962890625, 57.992454528808594, 77.99207305908203, 41.00123596191406, 41.00123596191406], [25.159942626953125, 52.00947570800781, 51.984832763671875, 45.00352478027344, 47.653114318847656, 41.99852752685547, 31.88994598388672, 29.9993896484375, 70.39569091796875, 36.045982360839844, 40.95897674560547, 49.992652893066406, 49.992652893066406, 0.0, 25.537521362304688, 41.868614196777344, 41.45503234863281, 30.195655822753906, 34.99885559082031, 11.827835083007812, 11.9542236328125, 37.055580139160156, 19.977783203125, 30.182235717773438], [31.887657165527344, 56.591651916503906, 56.56700897216797, 70.54104614257812, 73.19063568115234, 67.53604888916016, 57.427467346191406, 17.316795349121094, 73.97823333740234, 61.58350372314453, 66.49649810791016, 75.5301742553711, 75.5301742553711, 25.537521362304688, 0.0, 67.40613555908203, 66.9925537109375, 55.733177185058594, 60.536376953125, 37.13783264160156, 21.543109893798828, 30.581375122070312, 41.74756622314453, 55.719757080078125], [40.92890167236328, 69.97615814208984, 69.9515151977539, 30.031230926513672, 23.366641998291016, 17.686363220214844, 20.015090942382812, 71.86800384521484, 66.54792785644531, 29.95627212524414, 17.39855194091797, 17.95557403564453, 27.159347534179688, 41.868614196777344, 67.40613555908203, 0.0, 27.964462280273438, 27.949462890625, 26.03626251220703, 30.26830291748047, 49.86841583251953, 69.86803436279297, 37.94446563720703, 28.02942657470703], [40.51531982421875, 59.451507568359375, 49.940704345703125, 20.012855529785156, 19.95751953125, 19.932968139648438, 20.022850036621094, 71.45442199707031, 70.38458251953125, 11.990631103515625, 19.99500274658203, 17.72185516357422, 30.996002197265625, 41.45503234863281, 66.9925537109375, 27.964462280273438, 0.0, 15.106521606445312, 19.942947387695312, 29.854721069335938, 49.454833984375, 69.45445251464844, 25.24498748779297, 19.992870330810547], [29.255943298339844, 48.19213104248047, 42.002052307128906, 14.807868957519531, 19.942520141601562, 19.110000610351562, 20.023681640625, 60.195045471191406, 80.39569091796875, 10.350532531738281, 19.980003356933594, 20.078933715820312, 41.007110595703125, 30.195655822753906, 55.733177185058594, 27.949462890625, 15.106521606445312, 0.0, 11.368927001953125, 18.59534454345703, 38.195457458496094, 58.19507598876953, 20.357574462890625, 9.928558349609375], [34.05914306640625, 52.995330810546875, 43.915252685546875, 10.873184204101562, 20.16388702392578, 17.196800231933594, 19.964874267578125, 64.99824523925781, 80.33688354492188, 11.337928771972656, 19.1746826171875, 20.020126342773438, 40.94830322265625, 34.99885559082031, 60.536376953125, 26.03626251220703, 19.942947387695312, 11.368927001953125, 0.0, 23.398544311523438, 42.9986572265625, 62.99827575683594, 18.958045959472656, 9.908401489257812], [26.017200469970703, 42.026695251464844, 42.002052307128906, 33.40321350097656, 36.05280303955078, 30.398216247558594, 20.289634704589844, 41.599700927734375, 80.36334228515625, 24.44567108154297, 29.358665466308594, 38.39234161376953, 40.974761962890625, 11.827835083007812, 37.13783264160156, 30.26830291748047, 29.854721069335938, 18.59534454345703, 23.398544311523438, 0.0, 19.600112915039062, 39.5997314453125, 15.908653259277344, 18.581924438476562], [20.087432861328125, 49.00481414794922, 48.98017120361328, 53.003326416015625, 55.652915954589844, 49.998329162597656, 39.889747619628906, 21.999588012695312, 71.68922424316406, 44.04578399658203, 48.958778381347656, 57.992454528808594, 57.992454528808594, 11.9542236328125, 21.543109893798828, 49.86841583251953, 49.454833984375, 38.195457458496094, 42.9986572265625, 19.600112915039062, 0.0, 49.009803771972656, 24.20984649658203, 38.182037353515625], [50.50495147705078, 39.9666748046875, 33.96195983886719, 73.00294494628906, 75.65253448486328, 69.9979476928711, 59.889366149902344, 43.99107360839844, 76.44013214111328, 64.04540252685547, 68.9583969116211, 77.99207305908203, 77.99207305908203, 37.055580139160156, 30.581375122070312, 69.86803436279297, 69.45445251464844, 58.19507598876953, 62.99827575683594, 39.5997314453125, 49.009803771972656, 0.0, 44.20946502685547, 58.18165588378906], [30.045799255371094, 34.206520080566406, 32.007049560546875, 28.793479919433594, 31.443069458007812, 29.105003356933594, 26.08544158935547, 46.209434509277344, 80.38981628417969, 20.326576232910156, 29.975006103515625, 33.78260803222656, 41.00123596191406, 19.977783203125, 41.74756622314453, 37.94446563720703, 25.24498748779297, 20.357574462890625, 18.958045959472656, 15.908653259277344, 24.20984649658203, 44.20946502685547, 0.0, 19.00796890258789], [29.242523193359375, 48.1787109375, 41.922088623046875, 14.8212890625, 20.213809967041016, 19.189964294433594, 20.017807006835938, 60.18162536621094, 80.38981628417969, 10.016342163085938, 20.059967041015625, 20.07305908203125, 41.00123596191406, 30.182235717773438, 55.719757080078125, 28.02942657470703, 19.992870330810547, 9.928558349609375, 9.908401489257812, 18.581924438476562, 38.182037353515625, 58.18165588378906, 19.00796890258789, 0.0]]\n"
     ]
    }
   ],
   "source": [
    "#list2 = [diagrams1[1],diagrams2[1],diagrams3[1]]\n",
    "distancia_total = []\n",
    "for i in list:\n",
    "    distancias = []\n",
    "    for j in list:\n",
    "        dist, matching = persim.bottleneck(i, j, matching=True)\n",
    "        distancias.append(dist)\n",
    "    distancia_total.append(distancias)\n",
    "print(distancia_total)"
   ]
  },
  {
   "cell_type": "code",
   "execution_count": 1,
   "metadata": {},
   "outputs": [],
   "source": [
    "#A = distancia_total\n",
    "#A = [[0.0, 11.935691833496094, 19.98333740234375, 44.30303192138672, 61.53638458251953, 71.96076202392578, 54.033447265625, 85.00147247314453, 71.85346221923828, 37.019798278808594, 31.272991180419922, 35.00714111328125, 36.00499725341797, 56.349708557128906, 30.524580001831055, 29.98333740234375, 41.49626922607422, 35.06422805786133, 85.21296691894531, 71.54277801513672, 71.50789642333984, 101.00123596191406, 101.00123596191406, 71.51081085205078], [11.935691833496094, 0.0, 9.996902465820312, 44.80176544189453, 62.035118103027344, 72.4594955444336, 63.03570556640625, 85.00147247314453, 72.3521957397461, 41.615028381347656, 39.98833465576172, 39.98833465576172, 40.98828887939453, 56.84844207763672, 40.008331298828125, 30.731353759765625, 41.99500274658203, 29.96929168701172, 85.21296691894531, 79.99812316894531, 80.00212097167969, 101.00123596191406, 101.00123596191406, 79.99612426757812], [19.98333740234375, 9.996902465820312, 0.0, 44.80176544189453, 62.035118103027344, 72.4594955444336, 63.03570556640625, 85.00147247314453, 72.3521957397461, 41.01146697998047, 32.00499725341797, 32.00499725341797, 39.996665954589844, 56.84844207763672, 32.024993896484375, 30.731353759765625, 41.99500274658203, 29.96929168701172, 85.21296691894531, 72.04151153564453, 72.00662994384766, 101.00123596191406, 101.00123596191406, 72.0095443725586], [44.30303192138672, 44.80176544189453, 44.80176544189453, 0.0, 19.943771362304688, 27.657730102539062, 53.01518249511719, 85.00147247314453, 54.00286865234375, 30.862831115722656, 43.786964416503906, 43.786964416503906, 41.84075164794922, 29.825294494628906, 43.782012939453125, 43.8067626953125, 17.030025482177734, 43.30799102783203, 85.21296691894531, 70.001220703125, 70.00521850585938, 69.99722290039062, 69.99722290039062, 69.99922180175781], [61.53638458251953, 62.035118103027344, 62.035118103027344, 19.943771362304688, 0.0, 19.90630340576172, 34.84510040283203, 71.18461608886719, 48.697731018066406, 41.96514129638672, 61.02031707763672, 61.02031707763672, 59.07410430908203, 18.125246047973633, 61.01536560058594, 61.04011535644531, 20.040115356445312, 60.541343688964844, 79.98236083984375, 79.98635864257812, 79.9903564453125, 79.98236083984375, 79.98236083984375, 79.98435974121094], [71.96076202392578, 72.4594955444336, 72.4594955444336, 27.657730102539062, 19.90630340576172, 0.0, 52.97771453857422, 85.00147247314453, 51.84767150878906, 52.38951873779297, 71.44469451904297, 71.44469451904297, 69.49848175048828, 22.801559448242188, 71.43974304199219, 71.46449279785156, 30.464492797851562, 70.9657211303711, 85.21296691894531, 70.001220703125, 70.00521850585938, 69.99722290039062, 69.99722290039062, 69.99922180175781], [54.033447265625, 63.03570556640625, 63.03570556640625, 53.01518249511719, 34.84510040283203, 52.97771453857422, 0.0, 58.42243194580078, 30.336074829101562, 23.066864013671875, 41.001319885253906, 41.001319885253906, 39.05510711669922, 32.06645965576172, 40.996368408203125, 41.0211181640625, 50.59111022949219, 40.52234649658203, 69.9888916015625, 69.99288940429688, 69.99688720703125, 69.9888916015625, 69.9888916015625, 69.99089050292969], [85.00147247314453, 85.00147247314453, 85.00147247314453, 85.00147247314453, 71.18461608886719, 85.00147247314453, 58.42243194580078, 0.0, 39.1365966796875, 59.99839782714844, 70.98601531982422, 70.98601531982422, 69.03980255126953, 68.99799346923828, 70.98106384277344, 71.00581359863281, 85.00147247314453, 70.50704193115234, 69.97222900390625, 69.97622680664062, 71.18461608886719, 69.97222900390625, 71.18461608886719, 85.00147247314453], [71.85346221923828, 72.3521957397461, 72.3521957397461, 54.00286865234375, 48.697731018066406, 51.84767150878906, 30.336074829101562, 39.1365966796875, 0.0, 52.28221893310547, 71.33739471435547, 71.33739471435547, 69.39118194580078, 33.38294219970703, 71.33244323730469, 71.35719299316406, 48.38604736328125, 70.8584213256836, 69.97222900390625, 69.97622680664062, 69.980224609375, 69.97222900390625, 69.97222900390625, 69.97422790527344], [37.019798278808594, 41.615028381347656, 41.01146697998047, 30.862831115722656, 41.96514129638672, 52.38951873779297, 23.066864013671875, 59.99839782714844, 52.28221893310547, 0.0, 19.05517578125, 28.19123077392578, 17.108963012695312, 36.778465270996094, 19.05022430419922, 19.939590454101562, 27.524246215820312, 20.913619995117188, 79.98823547363281, 79.99223327636719, 79.99623107910156, 81.92749786376953, 81.92749786376953, 79.990234375], [31.272991180419922, 39.98833465576172, 32.00499725341797, 43.786964416503906, 61.02031707763672, 71.44469451904297, 41.001319885253906, 70.98601531982422, 71.33739471435547, 19.05517578125, 0.0, 17.94446563720703, 10.402328491210938, 55.833641052246094, 10.402328491210938, 17.43987274169922, 40.980201721191406, 19.110000610351562, 70.98311614990234, 71.0267105102539, 70.99182891845703, 100.98267364501953, 100.98267364501953, 70.99474334716797], [35.00714111328125, 39.98833465576172, 32.00499725341797, 43.786964416503906, 61.02031707763672, 71.44469451904297, 41.001319885253906, 70.98601531982422, 71.33739471435547, 28.19123077392578, 17.94446563720703, 0.0, 27.176429748535156, 55.833641052246094, 17.176986694335938, 17.43987274169922, 40.980201721191406, 19.110000610351562, 70.98311614990234, 71.0267105102539, 70.99182891845703, 100.98267364501953, 100.98267364501953, 70.99474334716797], [36.00499725341797, 40.98828887939453, 39.996665954589844, 41.84075164794922, 59.07410430908203, 69.49848175048828, 39.05510711669922, 69.03980255126953, 69.39118194580078, 17.108963012695312, 10.402328491210938, 27.176429748535156, 0.0, 53.887428283691406, 9.999443054199219, 18.924789428710938, 39.03398895263672, 20.109954833984375, 80.0, 80.00399780273438, 80.00799560546875, 99.03646087646484, 99.03646087646484, 80.00199890136719], [56.349708557128906, 56.84844207763672, 56.84844207763672, 29.825294494628906, 18.125246047973633, 22.801559448242188, 32.06645965576172, 68.99799346923828, 33.38294219970703, 36.778465270996094, 55.833641052246094, 55.833641052246094, 53.887428283691406, 0.0, 55.82868957519531, 55.85343933105469, 20.821426391601562, 55.35466766357422, 80.0, 80.00399780273438, 80.00799560546875, 80.0, 80.0, 80.00199890136719], [30.524580001831055, 40.008331298828125, 32.024993896484375, 43.782012939453125, 61.01536560058594, 71.43974304199219, 40.996368408203125, 70.98106384277344, 71.33244323730469, 19.05022430419922, 10.402328491210938, 17.176986694335938, 9.999443054199219, 55.82868957519531, 0.0, 17.459869384765625, 40.975250244140625, 19.12999725341797, 80.0, 80.00399780273438, 80.00799560546875, 100.97772216796875, 100.97772216796875, 80.00199890136719], [29.98333740234375, 30.731353759765625, 30.731353759765625, 43.8067626953125, 61.04011535644531, 71.46449279785156, 41.0211181640625, 71.00581359863281, 71.35719299316406, 19.939590454101562, 17.43987274169922, 17.43987274169922, 18.924789428710938, 55.85343933105469, 17.459869384765625, 0.0, 41.0, 10.128456115722656, 79.92355346679688, 79.92755126953125, 79.93154907226562, 101.00123596191406, 101.00123596191406, 79.92555236816406], [41.49626922607422, 41.99500274658203, 41.99500274658203, 17.030025482177734, 20.040115356445312, 30.464492797851562, 50.59111022949219, 85.00147247314453, 48.38604736328125, 27.524246215820312, 40.980201721191406, 40.980201721191406, 39.03398895263672, 20.821426391601562, 40.975250244140625, 41.0, 0.0, 40.50122833251953, 85.21296691894531, 79.95106506347656, 79.95506286621094, 79.94706726074219, 79.94706726074219, 79.94906616210938], [35.06422805786133, 29.96929168701172, 29.96929168701172, 43.30799102783203, 60.541343688964844, 70.9657211303711, 40.52234649658203, 70.50704193115234, 70.8584213256836, 20.913619995117188, 19.110000610351562, 19.110000610351562, 20.109954833984375, 55.35466766357422, 19.12999725341797, 10.128456115722656, 40.50122833251953, 0.0, 70.50414276123047, 70.54773712158203, 70.51285552978516, 100.50370025634766, 100.50370025634766, 70.5157699584961], [85.21296691894531, 85.21296691894531, 85.21296691894531, 85.21296691894531, 79.98236083984375, 85.21296691894531, 69.9888916015625, 69.97222900390625, 69.97222900390625, 79.98823547363281, 70.98311614990234, 70.98311614990234, 80.0, 80.0, 80.0, 79.92355346679688, 85.21296691894531, 70.50414276123047, 0.0, 60.41230010986328, 50.38427734375, 67.94667053222656, 70.40093994140625, 85.21296691894531], [71.54277801513672, 79.99812316894531, 72.04151153564453, 70.001220703125, 79.98635864257812, 70.001220703125, 69.99288940429688, 69.97622680664062, 69.97622680664062, 79.99223327636719, 71.0267105102539, 71.0267105102539, 80.00399780273438, 80.00399780273438, 80.00399780273438, 79.92755126953125, 79.95106506347656, 70.54773712158203, 60.41230010986328, 0.0, 20.006248474121094, 29.955963134765625, 29.955963134765625, 30.00738525390625], [71.50789642333984, 80.00212097167969, 72.00662994384766, 70.00521850585938, 79.9903564453125, 70.00521850585938, 69.99688720703125, 71.18461608886719, 69.980224609375, 79.99623107910156, 70.99182891845703, 70.99182891845703, 80.00799560546875, 80.00799560546875, 80.00799560546875, 79.93154907226562, 79.95506286621094, 70.51285552978516, 50.38427734375, 20.006248474121094, 0.0, 29.9908447265625, 29.9908447265625, 40.03540802001953], [101.00123596191406, 101.00123596191406, 101.00123596191406, 69.99722290039062, 79.98236083984375, 69.99722290039062, 69.9888916015625, 69.97222900390625, 69.97222900390625, 81.92749786376953, 100.98267364501953, 100.98267364501953, 99.03646087646484, 80.0, 100.97772216796875, 101.00123596191406, 79.94706726074219, 100.50370025634766, 67.94667053222656, 29.955963134765625, 29.9908447265625, 0.0, 29.971435546875, 29.987930297851562], [101.00123596191406, 101.00123596191406, 101.00123596191406, 69.99722290039062, 79.98236083984375, 69.99722290039062, 69.9888916015625, 71.18461608886719, 69.97222900390625, 81.92749786376953, 100.98267364501953, 100.98267364501953, 99.03646087646484, 80.0, 100.97772216796875, 101.00123596191406, 79.94706726074219, 100.50370025634766, 70.40093994140625, 29.955963134765625, 29.9908447265625, 29.971435546875, 0.0, 29.987930297851562], [71.51081085205078, 79.99612426757812, 72.0095443725586, 69.99922180175781, 79.98435974121094, 69.99922180175781, 69.99089050292969, 85.00147247314453, 69.97422790527344, 79.990234375, 70.99474334716797, 70.99474334716797, 80.00199890136719, 80.00199890136719, 80.00199890136719, 79.92555236816406, 79.94906616210938, 70.5157699584961, 85.21296691894531, 30.00738525390625, 40.03540802001953, 29.987930297851562, 29.987930297851562, 0.0]]"
   ]
  },
  {
   "cell_type": "code",
   "execution_count": 25,
   "metadata": {},
   "outputs": [],
   "source": [
    "B = np.array(distancia_total)"
   ]
  },
  {
   "cell_type": "code",
   "execution_count": 26,
   "metadata": {},
   "outputs": [],
   "source": [
    "n = pd.DataFrame(B)"
   ]
  },
  {
   "cell_type": "code",
   "execution_count": 27,
   "metadata": {},
   "outputs": [],
   "source": [
    "n.to_excel(\"DistanciasO.xlsx\",sheet_name='Sheet_name_1') "
   ]
  },
  {
   "cell_type": "code",
   "execution_count": null,
   "metadata": {},
   "outputs": [],
   "source": []
  }
 ],
 "metadata": {
  "accelerator": "GPU",
  "colab": {
   "provenance": []
  },
  "gpuClass": "standard",
  "kernelspec": {
   "display_name": "Python 3",
   "language": "python",
   "name": "python3"
  },
  "language_info": {
   "codemirror_mode": {
    "name": "ipython",
    "version": 3
   },
   "file_extension": ".py",
   "mimetype": "text/x-python",
   "name": "python",
   "nbconvert_exporter": "python",
   "pygments_lexer": "ipython3",
   "version": "3.8.3"
  }
 },
 "nbformat": 4,
 "nbformat_minor": 1
}
